DUMP-UNK      70
 O7    8,F    2    1  32.830  14.340  91.670    2
 C20   6-F    2    3  32.590  14.940  90.600    1    3    4
 O8    8,F    2    1  33.160  15.980  90.200    2
 C17   6-F    3    4  31.460  14.380  89.710    2    5    6   10
 H17   1,F    0    1  31.342  13.319  89.928    4
 C19   6+F    3    4  30.180  15.110  90.120    4    7    8    9
 H9Q   1,F    0    1  29.993  14.948  91.182    6
 H9R   1,F    0    1  29.341  14.725  89.540    6
 H19   1,F    0    1  30.369  16.161  89.902    6
 N5    7-F    2    3  31.790  14.550  88.270    4   11   12
 H5    1,F    0    1  32.450  15.270  88.040   10
 C13   6+F    2    3  31.370  13.860  87.190   10   13   14
 O4    8,F    2    1  31.960  14.040  86.130   12
 C10   6-F    3    4  30.250  12.790  87.210   12   15   16   20
 H10   1,F    0    1  30.007  12.605  86.164   14
 C12   6+F    3    4  30.790  11.460  87.750   14   17   18   19
 H9M   1,F    0    1  31.733  11.223  87.257   16
 H9N   1,F    0    1  30.068  10.668  87.552   16
 H12   1,F    0    1  30.926  11.621  88.819   16
 N2    7,F    2    3  28.970  13.110  87.880   14   21   22
 H23   1,F    0    1  28.670  12.500  88.610   20
 C5    6+F    2    3  28.120  14.110  87.580   20   23   24
 O1    8,F    2    1  27.170  14.320  88.330   22
 C1    6-F    3    4  28.460  15.120  86.460   22   25   26   42
 H1    1,F    0    1  29.190  14.662  85.793   24
 C2    6+F    3    4  27.200  15.450  85.650   24   27   28   29
 H21   1,F    0    1  26.570  16.111  86.245   26
 H22   1,F    0    1  26.728  14.497  85.409   26
 C3    6+F    3    4  27.500  16.140  84.310   26   30   31   32
 H31   1,F    0    1  26.675  15.952  83.623   29
 H32   1,F    0    1  28.459  15.752  83.966   29
 C4    6+F    3    4  27.670  17.650  84.480   29   33   34   35
 H41   1,F    0    1  28.417  17.848  85.249   32
 H42   1,F    0    1  26.684  18.061  84.695   32
 C11   6-F    3    4  28.130  18.260  83.150   32   36   37   38
 H11   1,F    0    1  29.096  17.812  82.918   35
 H9L   1,F    0    1  27.368  18.080  82.391   35
 N4    7+F    3    4  28.340  19.710  83.290   35   39   40   41
 H44   1,F    0    1  28.700  20.070  82.430   38
 H45   1,F    0    1  29.020  19.880  84.000   38
 H43   1,F    0    1  27.480  20.160  83.510   38
 N1    7,F    2    3  29.060  16.320  87.090   24   43   44
 H13   1,F    0    1  28.530  16.780  87.800   42
 C8    6+F    2    3  30.210  16.850  86.670   42   45   46
 O2    8,F    2    1  30.730  16.600  85.580   44
 C6    6-F    3    4  30.900  17.830  87.620   44   47   48   49
 H61   1,F    0    1  30.602  17.544  88.628   46
 H62   1,F    0    1  31.975  17.768  87.453   46
 C7    6+F    3    4  30.470  19.290  87.440   46   50   51   52
 H71   1,F    0    1  29.549  19.471  87.993   49
 H72   1,F    0    1  30.397  19.473  86.368   49
 C9    6+F    3    4  31.590  20.210  87.980   49   53   54   57
 H9    1,F    0    1  32.499  19.945  87.440   52
 C14   6+F    2    3  31.890  20.000  89.480   52   55   56
 O5    8,F    2    1  30.910  19.940  90.260   54
 O3    8,F    2    1  33.090  20.080  89.820   54
 N3    7-F    2    3  31.310  21.640  87.700   52   58   59
 H33   1,F    0    1  31.170  22.270  88.470   57
 C15   6+F    2    3  31.260  22.190  86.470   57   60   61
 O6    8,F    2    1  31.120  21.520  85.440   59
 C16   6+F    3    4  31.160  23.730  86.440   59   62   63   67
 H16   1,F    0    1  30.165  23.988  86.077   61
 C18   6+F    3    4  32.180  24.290  85.440   61   64   65   66
 H9O   1,F    0    1  32.051  23.799  84.475   63
 H9P   1,F    0    1  33.189  24.106  85.809   63
 H18   1,F    0    1  31.964  25.357  85.380   63
 N6    7+F    3    4  31.380  24.430  87.730   61   68   69   70
 H64   1,F    0    1  32.250  24.150  88.150   67
 H65   1,F    0    1  30.630  24.230  88.360   67
 H63   1,F    0    1  31.410  25.420  87.570   67
